-48.06904109755944176641 3.59574786478838337445 0.29319988681826769650 0.08362354813796235575 0.03718305987893533171 0.02125997005560575914 0.01441132931972877174 0.01106153686261102109 0.00933205581174156862 0.00848832812360322819 0.00823407018922317491 0.00848832811122957054 0.00933205585806629045 0.01106153682748578504 0.01441132937301237149 0.02125997001110935258 0.03718305988558157082 0.08362354783682857118 0.29319988684515463362 3.59574786468878571100
8.65486620658942840123 1.89665626742839332763 0.28884961090597693900 0.08627991740997265069 0.03821935124534958650 0.02169855541389520415 0.01463133985451103847 0.01119200578242873778 0.00942257548075897677 0.00856122047208340842 0.00830191244699018949 0.00856122047240370776 0.00942257548059199923 0.01119200578220447273 0.01463133985414322158 0.02169855541393117537 0.03821935124499631353 0.08627991740997009718 0.28884961090594429844 1.89665626742903725699
0.88167781626156027652 0.54346614004148530164 0.20223378251155973984 0.07953165503659420654 0.03814046668166945486 0.02209417175464395422 0.01493500261829722175 0.01140023530784431416 0.00957348631160825914 0.00868324267756884205 0.00841519845080698770 0.00868324267758488477 0.00957348631160412356 0.01140023530786446471 0.01493500261828083209 0.02209417175473923911 0.03814046668169013277 0.07953165503648783330 0.20223378251156481911 0.54346614004158155797
0.25412110057462100610 0.20283201582236851102 0.11726256152654432330 0.06192276649012229406 0.03453435224208706300 0.02145070893275924373 0.01494025750846478956 0.01153781050380437573 0.00972663882849204159 0.00883072154587181274 0.00855927614348416660 0.00883072154581815427 0.00972663882850113154 0.01153781050375613654 0.01494025750846716266 0.02145070893283304581 0.03453435224211483245 0.06192276649009848671 0.11726256152657205112 0.20283201582225038329
0.10874726951793992069 0.09593653031301882517 0.06895561483584364271 0.04487386602738867303 0.02903660398884017058 0.01976060746550648700 0.01448567001421238037 0.01148784751680779342 0.00980872179982746756 0.00895378791316098904 0.00869135610683841042 0.00895378791312562497 0.00980872179985098347 0.01148784751680528154 0.01448567001417865041 0.01976060746546610611 0.02903660398883259330 0.04487386602747921865 0.06895561483576917450 0.09593653031310570012
0.05816591014285563133 0.05388560021985991377 0.04363480128486937892 0.03258732016100338025 0.02375339884103912572 0.01764516625251447146 0.01370360593524996666 0.01125246373184920178 0.00979398194234151233 0.00902348406374243669 0.00878281145653505776 0.00902348406375238707 0.00979398194231560770 0.01125246373176294092 0.01370360593523478436 0.01764516625249395662 0.02375339884106853275 0.03258732016103507712 0.04363480128486647847 0.05388560021967833680
0.03629904655352586551 0.03456800912198151887 0.03005685463942557936 0.02458695765945389730 0.01958143960917509141 0.01564864513411869801 0.01282167123721295911 0.01090958928298959955 0.00970093471825350835 0.00903716581120840058 0.00882587924520341661 0.00903716581117915141 0.00970093471825367315 0.01090958928294121465 0.01282167123718531108 0.01564864513414568684 0.01958143960915519413 0.02458695765946538811 0.03005685463937993532 0.03456800912167215523
0.02559795444576361961 0.02479093943874848688 0.02254050061046882630 0.01958892441880799584 0.01661660904465328548 0.01404239974425387956 0.01202156610511992407 0.01055160611030642528 0.00957008942257158053 0.00901115261996669921 0.00883000762417928721 0.00901115262002957773 0.00957008942253260997 0.01055160611029174259 0.01202156610512421925 0.01404239974422655073 0.01661660904471664452 0.01958892441888422653 0.02254050061046581482 0.02479093943846560205
0.02008305186874691228 0.01965269742821106058 0.01837377583334003084 0.01660188651455785785 0.01468948579021990726 0.01290706436135800016 0.01140792322612293151 0.01025152103190850490 0.00944365157578051090 0.00896940948380479941 0.00881336105310793171 0.00896940948380296060 0.00944365157579615290 0.01025152103187299338 0.01140792322613011847 0.01290706436131969399 0.01468948579018248927 0.01660188651458818082 0.01837377583323285268 0.01965269742807905506
0.01739917735900594134 0.01712436405947860910 0.01625994449279981671 0.01501823935424463977 0.01361467323219177697 0.01224013041003913643 0.01102853221527681955 0.01005563128886814879 0.00935451957147834766 0.00893425626339153234 0.00879451625552137017 0.00893425626342356748 0.00935451957141946247 0.01005563128883942350 0.01102853221527386358 0.01224013041002955729 0.01361467323218779751 0.01501823935433125104 0.01625994449274946810 0.01712436405935254327
0.01659172344712312591 0.01635987238388709325 0.01561178631751849143 0.01452261618148349524 0.01327016653240960069 0.01202098753134440458 0.01090075540816508315 0.00998791799426758040 0.00932261527416897683 0.00892078294712545308 0.00878666485939577635 0.00892078294707980557 0.00932261527416352979 0.00998791799428001142 0.01090075540816894117 0.01202098753128856730 0.01327016653247729654 0.01452261618152883398 0.01561178631744418975 0.01635987238404885274
0.01739917734120820236 0.01712436405937893535 0.01625994449274954790 0.01501823935423630442 0.01361467323217433086 0.01224013041002585366 0.01102853221526014886 0.01005563128889164388 0.00935451957143823391 0.00893425626340088250 0.00879451625553868445 0.00893425626344321322 0.00935451957141646487 0.01005563128886164705 0.01102853221529023417 0.01224013041001682268 0.01361467323219533489 0.01501823935431105018 0.01625994449276731146 0.01712436405946647644
0.02008305193537140987 0.01965269742816760923 0.01837377583332047704 0.01660188651450349856 0.01468948579020892299 0.01290706436134949307 0.01140792322611736825 0.01025152103189649194 0.00944365157581046957 0.00896940948381004174 0.00881336105309058968 0.00896940948381265250 0.00944365157578339401 0.01025152103188469582 0.01140792322610941628 0.01290706436131460084 0.01468948579020863156 0.01660188651458572445 0.01837377583325421060 0.01965269742808795073
0.02559795439551849211 0.02479093943868810462 0.02254050061043975234 0.01958892441882549573 0.01661660904471994743 0.01404239974425342159 0.01202156610511422030 0.01055160611029812637 0.00957008942256224078 0.00901115261999312772 0.00883000762419817835 0.00901115261997377688 0.00957008942252137937 0.01055160611029036868 0.01202156610511069534 0.01404239974423063773 0.01661660904468869465 0.01958892441887317981 0.02254050061041303760 0.02479093943860356114
0.03629904662953152561 0.03456800912173572937 0.03005685463940596658 0.02458695765943483963 0.01958143960915936441 0.01564864513414321312 0.01282167123721448219 0.01090958928300518431 0.00970093471823104021 0.00903716581120980918 0.00882587924521003632 0.00903716581116008680 0.00970093471825548420 0.01090958928294686985 0.01282167123720952089 0.01564864513416630229 0.01958143960914895607 0.02458695765943064854 0.03005685463940201141 0.03456800912147904581
0.05816591007949109549 0.05388560021985008830 0.04363480128485240639 0.03258732016100666928 0.02375339884104476704 0.01764516625251393370 0.01370360593525074382 0.01125246373182358685 0.00979398194234560281 0.00902348406375257442 0.00878281145654554937 0.00902348406376416931 0.00979398194232251537 0.01125246373173679169 0.01370360593523792768 0.01764516625249613196 0.02375339884107307772 0.03258732016103972617 0.04363480128485106024 0.05388560021965552171
0.10874726952800024826 0.09593653031293676581 0.06895561483581755247 0.04487386602737750835 0.02903660398890776928 0.01976060746549045816 0.01448567001419278494 0.01148784751681133920 0.00980872179988789145 0.00895378791311011307 0.00869135610685040777 0.00895378791311440478 0.00980872179989021598 0.01148784751680360233 0.01448567001421980499 0.01976060746545032706 0.02903660398886499794 0.04487386602744411479 0.06895561483582615669 0.09593653031288341959
0.25412110014393607393 0.20283201582245338757 0.11726256152657245357 0.06192276649014569201 0.03453435224211862109 0.02145070893280236202 0.01494025750852588652 0.01153781050377165190 0.00972663882853082307 0.00883072154586575508 0.00855927614356617739 0.00883072154583623703 0.00972663882844737593 0.01153781050368195282 0.01494025750848204659 0.02145070893289036107 0.03453435224215140736 0.06192276649013251505 0.11726256152658423582 0.20283201582232998628
0.88167781630249786318 0.54346614004148952048 0.20223378251165161079 0.07953165503651540846 0.03814046668172449417 0.02209417175473760153 0.01493500261834684872 0.01140023530788408790 0.00957348631168228326 0.00868324267754258527 0.00841519845086216578 0.00868324267767289770 0.00957348631157214913 0.01140023530795591933 0.01493500261843154486 0.02209417175482827900 0.03814046668167973830 0.07953165503651067614 0.20223378251148804718 0.54346614004144555565
8.65486620644914950162 1.89665626742823167916 0.28884961090583072263 0.08627991741008544935 0.03821935124501973924 0.02169855541386600528 0.01463133985405207227 0.01119200578249379685 0.00942257548075675633 0.00856122047267116049 0.00830191244715550170 0.00856122047249041618 0.00942257548049896254 0.01119200578255485912 0.01463133985390474567 0.02169855541389731357 0.03821935124499686864 0.08627991740973239843 0.28884961090563338049 1.89665626742819348749
