-23.03284493994226522773 1.39415987237211846939 0.11657217478047177117 0.04499672586764824622 0.03040239151817902830 0.02732004292949707924 0.03040239129115041017 0.04499672606388860352 0.11657217473850001177 1.39415987241212557812
4.51280549675469266901 0.92598821416292764752 0.13771504558996039425 0.05034557162156660937 0.03229730354137350101 0.02858023269104048580 0.03229730354190263331 0.05034557162226849236 0.13771504559002267776 0.92598821416309984311
0.48117121740807783370 0.29604168022755045220 0.11489295893975372265 0.05364736982570217361 0.03526834036977191666 0.03104207978609285767 0.03526834036961140617 0.05364736982569377755 0.11489295893975035034 0.29604168022766291779
0.15466242848503469753 0.12610465892534927779 0.07911086579167699029 0.04967367917828670321 0.03651215886152373025 0.03289345280087160872 0.03651215886152523599 0.04967367917845676162 0.07911086579173516597 0.12610465892530764442
0.08390776716403511304 0.07605795059573314254 0.05952059162787556174 0.04498395315058859728 0.03640398719875843903 0.03367512793498911305 0.03640398719889289397 0.04498395315054848353 0.05952059162786934449 0.07605795059598771668
0.06882904983749385530 0.06429107494913752219 0.05375710154771234928 0.04318212058306741818 0.03619932366451796696 0.03384135164635552334 0.03619932366438232546 0.04318212058300598122 0.05375710154764601345 0.06429107494917538079
0.08390776679969841334 0.07605795059609055109 0.05952059162785127561 0.04498395315053565352 0.03640398719877129680 0.03367512793490900352 0.03640398719891679152 0.04498395315051088861 0.05952059162783219365 0.07605795059573000616
0.15466242879606467708 0.12610465892532568555 0.07911086579171908162 0.04967367917858486748 0.03651215886151164269 0.03289345280099384428 0.03651215886151110840 0.04967367917844810188 0.07911086579163166543 0.12610465892541083965
0.48117121734002465949 0.29604168022754795420 0.11489295893967292617 0.05364736982553278133 0.03526834036972656405 0.03104207978577813720 0.03526834036970946662 0.05364736982581351510 0.11489295893975884355 0.29604168022756072176
4.51280549681389775429 0.92598821416313414900 0.13771504558941116692 0.05034557162190156365 0.03229730354115567525 0.02858023269135245847 0.03229730354117199553 0.05034557162201735991 0.13771504558936453755 0.92598821416322874001
