-24.01761054335603517984 1.81474022050686567553 0.16373287143492687434 0.05959765311319475956 0.03788238836187707292 0.03328063905300693293 0.03788238816449229773 0.05959765330015764917 0.16373287140628400849 1.81474022053969541446
4.34465297460965782506 0.96563645696267985663 0.16194326420380622533 0.06127285422584971553 0.03874686814453898176 0.03393858920922221412 0.03874686814444927574 0.06127285422560779793 0.16194326420380544818 0.96563645696282862652
0.45949385345808824166 0.29038541711032678228 0.11981224053409179897 0.05889271708360671598 0.03958663589149680195 0.03500148098965141785 0.03958663589145898498 0.05889271708354390511 0.11981224053408096042 0.29038541711024834502
0.14855382762857005652 0.12273219338743394935 0.07954980875408414198 0.05180062577463463713 0.03905659005303658421 0.03549335395026783496 0.03905659005299993991 0.05180062577463305507 0.07954980875397094087 0.12273219338731598815
0.08128183942497321790 0.07424781647503989057 0.05926108796456951849 0.04592909866046281792 0.03796261459620771384 0.03540915702841500312 0.03796261459613921307 0.04592909866041366279 0.05926108796462668110 0.07424781647515457661
0.06694900675066622897 0.06290932724970188517 0.05342887463130208126 0.04383968765996089367 0.03745675656114933610 0.03529002620370657456 0.03745675656112325974 0.04383968766000699568 0.05342887463131296144 0.06290932724977454926
0.08128183914306670588 0.07424781647479668234 0.05926108796460209660 0.04592909866043577705 0.03796261459617201323 0.03540915702842261509 0.03796261459611657146 0.04592909866031109900 0.05926108796461802830 0.07424781647495516668
0.14855382789634685725 0.12273219338752537622 0.07954980875392571316 0.05180062577469694840 0.03905659005299271652 0.03549335395025320777 0.03905659005290858243 0.05180062577472563379 0.07954980875394740414 0.12273219338721484684
0.45949385341770776492 0.29038541711002285872 0.11981224053413276620 0.05889271708340571010 0.03958663589140576367 0.03500148098958175136 0.03958663589150278328 0.05889271708373278180 0.11981224053404726515 0.29038541711008458712
4.34465297465495936535 0.96563645696298006094 0.16194326420345384054 0.06127285422576311813 0.03874686814399030954 0.03393858920951497993 0.03874686814406158586 0.06127285422586581376 0.16194326420359317353 0.96563645696285882458
