-46.02237241732371586522 2.74904529200701563951 0.19681590466165022058 0.05507294277805319105 0.02479850662989702137 0.01460166980043475782 0.01026329235344136670 0.00815575899765419443 0.00707197278533855389 0.00654430180812792806 0.00638540936776976764 0.00654430180837173303 0.00707197278643945104 0.00815575899730425213 0.01026329235601397549 0.01460166980051735841 0.02479850662912208570 0.05507294277789553938 0.19681590466263565453 2.74904529200462288685
8.98311997812473350677 1.82008328106469341456 0.24220785867942812297 0.06679506015419856002 0.02875303830462472288 0.01640317852091666140 0.01130231139389115125 0.00887143338062246212 0.00763565426842638395 0.00703778622483297589 0.00685825859377242608 0.00703778622487893912 0.00763565426844614592 0.00887143338062035269 0.01130231139386539407 0.01640317852090933393 0.02875303830462749843 0.06679506015421021736 0.24220785867941901914 1.82008328106470607111
0.92003273604796054208 0.55610295551483623910 0.19395433783222457147 0.07110800578020046170 0.03235875236066385052 0.01823953825086169211 0.01225244663432291381 0.00940760559179015798 0.00797605817386529137 0.00728980600444248394 0.00708478397473802368 0.00728980600443734916 0.00797605817385468874 0.00940760559180059408 0.01225244663432298320 0.01823953825085775082 0.03235875236066040883 0.07110800578020393115 0.19395433783222926216 0.55610295551483424070
0.26420015667563445660 0.21047288946659836739 0.11761958477223798114 0.05938322114552756215 0.03170245635968996223 0.01904626534360387424 0.01300678378284030740 0.00996230577938463091 0.00838638271728658208 0.00762135427960973499 0.00739172971658201561 0.00762135427960630718 0.00838638271728801843 0.00996230577938030104 0.01300678378284098047 0.01904626534360302076 0.03170245635968715198 0.05938322114553174630 0.11761958477223929953 0.21047288946659481468
0.11239080176972859881 0.09990131939892593627 0.07034456562112630096 0.04444789747363982191 0.02784507914960238084 0.01840313562628640917 0.01319366342374599099 0.01031433596494525304 0.00873805770626882167 0.00794830261655273679 0.00770787401945469478 0.00794830261655445763 0.00873805770626753797 0.01031433596494883004 0.01319366342374957146 0.01840313562628730776 0.02784507914960139552 0.04444789747364162602 0.07034456562112847977 0.09990131939891322421
0.05966394641397768095 0.05607987338547151812 0.04479242894179241707 0.03277420186594690032 0.02332497711065413537 0.01692090519773972040 0.01287488266627966581 0.01040869571954367023 0.00896584401468509748 0.00821279490902144041 0.00797905357025380582 0.00821279490902346657 0.00896584401468553463 0.01040869571954517077 0.01287488266627861803 0.01692090519774061552 0.02332497711065325066 0.03277420186594864199 0.04479242894179140400 0.05607987338546535638
0.03691470587255734487 0.03587791757573959711 0.03089288480974811818 0.02489808155948495388 0.01947510833652172854 0.01527248678411644370 0.01229532769415776598 0.01030953298444963612 0.00906905093984980946 0.00839360544641029604 0.00817956180235413291 0.00839360544641356600 0.00906905093984960130 0.01030953298445306220 0.01229532769415672515 0.01527248678411767882 0.01947510833652385531 0.02489808155948743801 0.03089288480974913126 0.03587791757572671852
0.02580322895742046679 0.02563455139335794192 0.02313996607918199916 0.01988672869440739205 0.01663643630170504040 0.01384777921628044771 0.01168023755629463839 0.01011842375033085613 0.00908393182163498396 0.00849824995662969498 0.00830901587384114473 0.00849824995662963600 0.00908393182163378526 0.01011842375033081970 0.01168023755629673741 0.01384777921627988913 0.01663643630170528326 0.01988672869440995944 0.02313996607918793885 0.02563455139335261285
0.02008645316175670936 0.02024607827685552530 0.01882395804437735076 0.01686132695550866117 0.01475444897257933638 0.01280325794100666686 0.01117320926058351996 0.00992391370285179014 0.00905594306713933088 0.00854846067004054813 0.00838182712251982036 0.00854846067003981434 0.00905594306714034916 0.00992391370284998256 0.01117320926058278270 0.01280325794100467887 0.01475444897257806656 0.01686132695551372657 0.01882395804437989040 0.02024607827684447858
0.01730782792437468576 0.01759335135206746559 0.01662940757199482533 0.01524854313521980219 0.01369365035546462293 0.01217786690462794273 0.01084830762440256412 0.00978574953848894251 0.00902317499094657319 0.00856745611623185507 0.00841617120162660784 0.00856745611622903788 0.00902317499094574919 0.00978574953848982375 0.01084830762440552356 0.01217786690462818906 0.01369365035546320393 0.01524854313522244591 0.01662940757199572739 0.01759335135205664091
0.01647243156357256627 0.01679109226612499756 0.01595582529523507237 0.01474257799038537244 0.01335204868845549751 0.01197066386219314445 0.01073720378513071984 0.00973633940203986331 0.00900957037092349478 0.00857181655921211878 0.00842592283781271045 0.00857181655921233215 0.00900957037092271588 0.00973633940203958229 0.01073720378512854449 0.01197066386218969929 0.01335204868845283992 0.01474257799039140927 0.01595582529524320475 0.01679109226610906586
0.01730782792470890105 0.01759335135206955766 0.01662940757199515493 0.01524854313521909269 0.01369365035546386139 0.01217786690462722976 0.01084830762440559294 0.00978574953849259063 0.00902317499094561735 0.00856745611622825205 0.00841617120162466148 0.00856745611622824858 0.00902317499094529817 0.00978574953849321166 0.01084830762440415659 0.01217786690462864529 0.01369365035546420833 0.01524854313522254826 0.01662940757200124728 0.01759335135205318187
0.02008645316346747631 0.02024607827685865821 0.01882395804437781914 0.01686132695550959446 0.01475444897257998517 0.01280325794100720116 0.01117320926058376108 0.00992391370285237648 0.00905594306714134489 0.00854846067003852197 0.00838182712251895820 0.00854846067004031915 0.00905594306714335717 0.00992391370284957837 0.01117320926058106012 0.01280325794100302048 0.01475444897257831983 0.01686132695551328595 0.01882395804438166328 0.02024607827683573211
0.02580322895692711838 0.02563455139335409083 0.02313996607918529513 0.01988672869440653856 0.01663643630170655655 0.01384777921628028291 0.01168023755629675996 0.01011842375033039990 0.00908393182163732410 0.00849824995663052939 0.00830901587384559950 0.00849824995663007662 0.00908393182163476365 0.01011842375032864956 0.01168023755629874448 0.01384777921627958555 0.01663643630170793739 0.01988672869440989005 0.02313996607918702986 0.02563455139334260002
0.03691470587663899655 0.03587791757573079859 0.03089288480974893697 0.02489808155948453755 0.01947510833652225243 0.01527248678411556246 0.01229532769415655862 0.01030953298445224514 0.00906905093985226930 0.00839360544641119463 0.00817956180235289085 0.00839360544641380192 0.00906905093984974008 0.01030953298445230586 0.01229532769415793599 0.01527248678411720004 0.01947510833652297060 0.02489808155948824986 0.03089288480974691081 0.03587791757572064005
0.05966394641406495142 0.05607987338547063688 0.04479242894179231299 0.03277420186594476315 0.02332497711065325066 0.01692090519773864141 0.01287488266628030072 0.01040869571954432596 0.00896584401468414338 0.00821279490901901180 0.00797905357025503401 0.00821279490902142306 0.00896584401468492748 0.01040869571954633650 0.01287488266627919743 0.01692090519773899529 0.02332497711065203289 0.03277420186594749013 0.04479242894179188278 0.05607987338546292083
0.11239080176851810877 0.09990131939891748469 0.07034456562112864630 0.04444789747364012722 0.02784507914960145103 0.01840313562628882391 0.01319366342374558160 0.01031433596495373931 0.00873805770626583794 0.00794830261655263270 0.00770787401945766462 0.00794830261655130738 0.00873805770627064660 0.01031433596494824023 0.01319366342374454076 0.01840313562628723837 0.02784507914960204430 0.04444789747364408239 0.07034456562112739730 0.09990131939890899149
0.26420015667536189685 0.21047288946660044906 0.11761958477224118691 0.05938322114552755521 0.03170245635968577114 0.01904626534360242401 0.01300678378284127190 0.00996230577938640033 0.00838638271728412571 0.00762135427961196238 0.00739172971658371564 0.00762135427960975581 0.00838638271728520818 0.00996230577938329170 0.01300678378284315928 0.01904626534360186890 0.03170245635968239883 0.05938322114553357817 0.11761958477223886932 0.21047288946659223341
0.92003273604943380803 0.55610295551482713527 0.19395433783222876256 0.07110800578020515239 0.03235875236066088068 0.01823953825085453118 0.01225244663431056258 0.00940760559179221190 0.00797605817385271809 0.00728980600444423255 0.00708478397474024413 0.00728980600444523175 0.00797605817386284888 0.00940760559180020550 0.01225244663431898640 0.01823953825085236624 0.03235875236066770855 0.07110800578020905205 0.19395433783222701396 0.55610295551483590604
8.98311997812070472946 1.82008328106471406471 0.24220785867944244485 0.06679506015419611753 0.02875303830462150323 0.01640317852092243456 0.01130231139389081818 0.00887143338062046372 0.00763565426845191908 0.00703778622483741678 0.00685825859377675595 0.00703778622485573546 0.00763565426843282324 0.00887143338061857634 0.01130231139387916084 0.01640317852091643935 0.02875303830462772048 0.06679506015420000331 0.24220785867941924119 1.82008328106470185226
