-46.09983251900742828866 2.75627701557272875021 0.20074386047433012692 0.05691051314412565176 0.02589445930123712714 0.01535839879240397110 0.01084105890105080405 0.00863190783511225135 0.00748979254820758555 0.00693165332094736186 0.00676326597986509626 0.00693165324084965562 0.00748979262944216018 0.00863190784516421061 0.01084105898111609179 0.01535839878815536963 0.02589445931189704453 0.05691051277662495522 0.20074386031143731657 2.75627701536834912588
8.99281432828392013334 1.81877858370043909986 0.24214210660435842026 0.06678570228903391026 0.02875077247687007898 0.01640242908497557828 0.01130200620500743103 0.00887128743069320880 0.00763557283523164099 0.00703773135111795956 0.00685821104601969100 0.00703773135019380991 0.00763557283429094902 0.00887128743125864538 0.01130200620448806870 0.01640242908520761489 0.02875077247593427199 0.06678570228857161339 0.24214210660456164659 1.81877858370020684120
0.92621310568184778145 0.55599932165306820142 0.19393024197353503357 0.07110220912459436216 0.03235701393570129814 0.01823889978953444069 0.01225217011802379186 0.00940746742435963346 0.00797597824496817931 0.00728975060037409528 0.00708473540950538272 0.00728975060049785739 0.00797597824521484311 0.00940746742398379521 0.01225217011792903432 0.01823889978985959726 0.03235701393534370918 0.07110220912405836036 0.19393024197367925154 0.55599932165325138822
0.26710954537409276055 0.21045556933775025343 0.11761183505028049989 0.05938028330868535404 0.03170131531492863253 0.01904577967818614492 0.01300655367955580455 0.00996218372484344167 0.00838630902689532776 0.00762130170502815091 0.00739168313126008919 0.00762130170466048668 0.00838630902680966711 0.00996218372475564384 0.01300655367954072633 0.01904577967819365281 0.03170131531498008443 0.05938028330882912792 0.11761183505029865204 0.21045556933774881014
0.11412838119011534110 0.09989680968849110054 0.07034181740740302891 0.04444648864818946665 0.02784439349927040480 0.01840279494205224881 0.01319348398725413152 0.01031423337775738691 0.00873799230275893596 0.00794825423599677949 0.00770783057848796471 0.00794825423571301343 0.00873799230264841326 0.01031423337766861070 0.01319348398736219438 0.01840279494200159488 0.02784439349937740255 0.04444648864838125768 0.07034181740751099809 0.09989680968816891382
0.06086425601725824891 0.05607832435092412887 0.04479131461869647474 0.03277350860748136363 0.02332457562785899760 0.01692067591934911380 0.01287474826147996798 0.01040861230163744183 0.00896578742043869018 0.00821275126685144796 0.00797901378555020135 0.00821275126685795664 0.00896578742049364275 0.01040861230157573425 0.01287474826148526930 0.01692067591945645155 0.02332457562796908662 0.03277350860739391275 0.04479131461866121128 0.05607832435057357595
0.03783132563499040646 0.03587727302271635776 0.03089237246177262142 0.02489771907310051047 0.01947486916083134706 0.01527233320013019618 0.01229522825515966256 0.01030946601606529470 0.00906900249875740305 0.00839356644584772493 0.00817952569009059403 0.00839356644578793075 0.00906900249877210483 0.01030946601598301329 0.01229522825503620576 0.01527233320031747346 0.01947486916091940162 0.02489771907315965066 0.03089237246174471319 0.03587727302208702784
0.02655870288901389722 0.02563423924503376375 0.02313970080758121287 0.01988652327211752266 0.01663628663847717057 0.01384767337104236828 0.01168016275945698776 0.01011836944292969671 0.00908389010600266569 0.00849821499048217764 0.00830898302629934013 0.00849821499041537518 0.00908389010597607238 0.01011836944289376365 0.01168016275952320909 0.01384767337124486256 0.01663628663842706135 0.01988652327207989304 0.02313970080749268646 0.02563423924404039170
0.02074941085615585740 0.02024590292614000114 0.01882380160727675084 0.01686119753738197363 0.01475434729204170257 0.01280318029704422163 0.01117315030699976390 0.00992386812692824978 0.00905590626131661317 0.00854842878009584757 0.00838179681134849919 0.00854842877992201787 0.00905590626126519943 0.00992386812695835070 0.01117315030696179080 0.01280318029719595442 0.01475434729207426333 0.01686119753746714162 0.01882380160726341428 0.02024590292573821143
0.01792245499383007118 0.01759323285688093458 0.01662929823873584428 0.01524844855336563755 0.01369357213241389863 0.01217780394867027695 0.01084825740574944970 0.00978570901589968963 0.00902314114310707842 0.00856742613794893304 0.00841614248750449656 0.00856742613785511399 0.00902314114315874195 0.00978570901591261852 0.01084825740568244427 0.01217780394880511353 0.01369357213246324458 0.01524844855344763446 0.01662929823868550955 0.01759323285672139553
0.01707199661443303124 0.01679098952853046861 0.01595572926979171163 0.01474249352474995590 0.01335197749446157510 0.01197060544749378556 0.01073715634558220118 0.00973630052740653493 0.00900953750813751619 0.00857178722772118651 0.00842589466776137892 0.00857178722762078765 0.00900953750814887863 0.00973630052740077218 0.01073715634566382165 0.01197060544782054502 0.01335197749454525122 0.01474249352480224741 0.01595572926987088441 0.01679098952748619283
0.01792245486648769148 0.01759323285701414052 0.01662929823865653967 0.01524844855342127360 0.01369357213240888528 0.01217780394868725642 0.01084825740573893381 0.00978570901595830420 0.00902314114314771085 0.00856742613800733771 0.00841614248744051649 0.00856742613790761019 0.00902314114317158238 0.00978570901588850413 0.01084825740573460914 0.01217780394882160729 0.01369357213239507341 0.01524844855352652968 0.01662929823864042755 0.01759323285637437451
0.02074941098088466454 0.02024590292681970397 0.01882380160736391375 0.01686119753736220125 0.01475434729207734594 0.01280318029707273528 0.01117315030700004840 0.00992386812700864727 0.00905590626133686259 0.00854842878005604261 0.00838179681127371352 0.00854842877988420263 0.00905590626130346223 0.00992386812691150970 0.01117315030690067823 0.01280318029722814915 0.01475434729206585513 0.01686119753746153846 0.01882380160733751820 0.02024590292554805451
0.02655870290668555650 0.02563423924472042065 0.02313970080754407938 0.01988652327213966814 0.01663628663849468781 0.01384767337095778490 0.01168016275950565196 0.01011836944289009645 0.00908389010602741326 0.00849821499047424649 0.00830898302630293795 0.00849821499037770565 0.00908389010603126434 0.01011836944283278118 0.01168016275942183359 0.01384767337116740195 0.01663628663857115442 0.01988652327209733395 0.02313970080747056873 0.02563423924469227649
0.03783132575756747995 0.03587727302261817242 0.03089237246190941824 0.02489771907313199570 0.01947486916085037698 0.01527233320012894024 0.01229522825507101819 0.01030946601608432808 0.00906900249877867770 0.00839356644585542711 0.00817952569010832985 0.00839356644582338156 0.00906900249878008109 0.01030946601603550256 0.01229522825512924245 0.01527233320032149455 0.01947486916085388112 0.02489771907309230523 0.03089237246181017818 0.03587727302208426616
0.06086425601085659887 0.05607832435105386537 0.04479131461866478481 0.03277350860748320938 0.02332457562785495916 0.01692067591932435583 0.01287474826149444251 0.01040861230164584136 0.00896578742047342281 0.00821275126685346371 0.00797901378553230248 0.00821275126686086751 0.00896578742052832681 0.01040861230158771772 0.01287474826150029200 0.01692067591943368504 0.02332457562796506553 0.03277350860739555727 0.04479131461863480879 0.05607832435072768185
0.11412838120197409120 0.09989680968830171037 0.07034181740743494782 0.04444648864816792833 0.02784439349938489308 0.01840279494205557947 0.01319348398736691630 0.01031423337770751708 0.00873799230283237721 0.00794825423605063225 0.00770783057836144786 0.00794825423570964112 0.00873799230269849819 0.01031423337765163123 0.01319348398726367597 0.01840279494199396904 0.02784439349928656202 0.04444648864834578605 0.07034181740752332157 0.09989680968786261717
0.26710954479101572945 0.21045556933807366140 0.11761183505031153063 0.05938028330884258243 0.03170131531487081766 0.01904577967804364086 0.01300655367968701209 0.00996218372481112724 0.00838630902701150566 0.00762130170508450860 0.00739168313142433975 0.00762130170466535778 0.00838630902707036135 0.00996218372465495355 0.01300655367960659031 0.01904577967806674044 0.03170131531494741611 0.05938028330867767268 0.11761183505025787910 0.21045556933750028672
0.92621310542585066905 0.55599932165302201614 0.19393024197365507644 0.07110220912436288065 0.03235701393547006643 0.01823889978938880718 0.01225217011789467292 0.00940746742445430773 0.00797597824523949006 0.00728975059993353103 0.00708473540975945726 0.00728975060027825528 0.00797597824547296996 0.00940746742412751358 0.01225217011786650101 0.01823889978975037907 0.03235701393537504522 0.07110220912381076674 0.19393024197356611982 0.55599932165302135001
8.99281432796019508658 1.81877858370019751533 0.24214210660528190378 0.06678570228877611648 0.02875077247650570378 0.01640242908554179202 0.01130200620492805008 0.00887128743178111634 0.00763557283448601520 0.00703773135036578346 0.00685821104572958973 0.00703773134965168801 0.00763557283459437297 0.00887128743054621527 0.01130200620478749585 0.01640242908578359859 0.02875077247644997058 0.06678570228851832269 0.24214210660512941464 1.81877858369994482857
