-23.02966000716012118232 1.39373717140327491038 0.11647705534841845676 0.04494820006328259510 0.03036764040149320110 0.02728869133827283022 0.03036764029303107293 0.04494820017628553543 0.11647705533189522953 1.39373717139864528036
4.51213582876803620536 0.92598900030162178965 0.13771508540138610588 0.05034557744595535844 0.03229730517671336454 0.02858023367763207201 0.03229730517682383173 0.05034557744591017237 0.13771508540168198031 0.92598900030144370987
0.48102031378422860364 0.29604174289252860319 0.11489297364366467258 0.05364737351486012495 0.03526834168475526110 0.03104208065231699176 0.03526834168480728893 0.05364737351474471727 0.11489297364364561838 0.29604174289247509044
0.15458543174581274027 0.12610466962026412041 0.07911087069923734838 0.04967368118278154415 0.03651215982541609895 0.03289345351589342825 0.03651215982537858729 0.04967368118274526761 0.07911087069924332971 0.12610466962021010806
0.08385262511749598524 0.07605795376295355903 0.05952059366583639655 0.04498395432279118228 0.03640398792591929833 0.03367512853217220770 0.03640398792591292149 0.04498395432279036349 0.05952059366582646005 0.07605795376294290089
0.06877930171499307965 0.06429107687505591917 0.05375710296290282103 0.04318212152176385127 0.03619932431214478719 0.03384135220079600298 0.03619932431223200908 0.04318212152168292989 0.05375710296283666562 0.06429107687476309785
0.08385262494376975739 0.07605795376287137477 0.05952059366588605127 0.04498395432277487588 0.03640398792593792926 0.03367512853218435076 0.03640398792592335758 0.04498395432274009814 0.05952059366586692768 0.07605795376293099375
0.15458543192460522109 0.12610466962028032967 0.07911087069921975135 0.04967368118278087802 0.03651215982542899141 0.03289345351587213973 0.03651215982544646355 0.04967368118273787075 0.07911087069919518766 0.12610466962037825134
0.48102031375708548255 0.29604174289247864316 0.11489297364359170317 0.05364737351482856687 0.03526834168465889374 0.03104208065228196423 0.03526834168474531073 0.05364737351473627958 0.11489297364358713738 0.29604174289250484442
4.51213582876516028364 0.92598900030163378005 0.13771508540170851465 0.05034557744610423935 0.03229730517673701229 0.02858023367761619582 0.03229730517711681959 0.05034557744605150376 0.13771508540187193947 0.92598900030133157735
