-24.01999354665210617554 1.81507709914621662151 0.16380828167390815153 0.05963625360280921939 0.03791020870582118008 0.03330581979215541111 0.03791020839070480264 0.05963625392157201333 0.16380828156894500225 1.81507709917269899336
4.34513407114999949954 0.96563596235654958200 0.16194321253153587392 0.06127287997451102974 0.03874694346356311048 0.03393868291597734732 0.03874694346267892886 0.06127287997417651955 0.16194321253087617940 0.96563596235748971885
0.45960195159773659102 0.29038558481821830082 0.11981230899016293012 0.05889263876819714194 0.03958643544456948160 0.03500123364794169301 0.03958643544463828767 0.05889263876791483998 0.11981230899001542312 0.29038558481849563453
0.14860908181977433573 0.12273238768830159462 0.07954988249495725805 0.05180054842761318973 0.03905638982327037934 0.03549310670826744812 0.03905638982341236298 0.05180054842773512691 0.07954988249492363217 0.12273238768841822355
0.08132113547436842227 0.07424773860014660665 0.05926105778626059722 0.04592912718547806361 0.03796269048974725002 0.03540925099546402693 0.03796269048966560006 0.04592912718541205391 0.05926105778629044835 0.07424773859976152579
0.06698423802379231684 0.06290907943250893808 0.05342877962301126327 0.04383978146136911780 0.03745700306783922295 0.03529033103013438921 0.03745700306791392015 0.04383978146147978622 0.05342877962267131298 0.06290907943209249342
0.08132113502526819304 0.07424773859996422476 0.05926105778624236181 0.04592912718533587180 0.03796269048969121152 0.03540925099544808829 0.03796269048959057674 0.04592912718543270406 0.05926105778621307968 0.07424773859992653269
0.14860908227400393411 0.12273238768799517306 0.07954988249488488539 0.05180054842762848305 0.03905638982315376428 0.03549310670827502540 0.03905638982337784892 0.05180054842772092993 0.07954988249488501029 0.12273238768829448919
0.45960195144321225325 0.29038558481858978144 0.11981230898998587731 0.05889263876822681265 0.03958643544454946983 0.03500123364768475964 0.03958643544441174666 0.05889263876835851286 0.11981230898992216438 0.29038558481857112969
4.34513407118468641954 0.96563596235681870006 0.16194321253117427428 0.06127287997505193040 0.03874694346289631053 0.03393868291654822400 0.03874694346347207219 0.06127287997486274840 0.16194321253121246595 0.96563596235683779589
