-46.09191825069945736004 2.75526465672447873345 0.20052257635852099860 0.05681118165600085312 0.02583585453470926829 0.01531810899655083880 0.01081036280414537920 0.00860663969553487895 0.00746763405573891426 0.00691111739261995872 0.00674323551326172499 0.00691111739416450099 0.00746763408790784844 0.00860663967621344561 0.01081036285055181345 0.01531810895205265588 0.02583585454066761322 0.05681118146862185192 0.20052257639397175204 2.75526465671246079125
8.99121790619605398831 1.81878589887968145078 0.24214247586342274587 0.06678575490803906334 0.02875078524967245031 0.01640243332968083223 0.01130200794621727400 0.00887128827416827637 0.00763557331226494274 0.00703773167744803363 0.00685821133209796319 0.00703773167749477402 0.00763557331228370550 0.00887128827422134503 0.01130200794631086580 0.01640243332964574918 0.02875078524983232242 0.06678575490787941327 0.24214247586316972605 1.81878589887919916990
0.92586226791868575514 0.55599990338495575148 0.19393037727626863398 0.07110224169202575273 0.03235702371169461855 0.01823890338546441114 0.01225217167924988471 0.00940746820742952017 0.00797597870041066859 0.00728975091741904113 0.00708473568835749079 0.00728975091757191884 0.00797597870050850699 0.00940746820722665467 0.01225217167931808016 0.01823890338549474799 0.03235702371174922765 0.07110224169202861155 0.19393037727628614775 0.55599990338491367403
0.26695196291200984362 0.21045566662739187414 0.11761187857778485077 0.05938029981302282018 0.03170132172818818095 0.01904578240986573578 0.01300655497557751811 0.00996218441335370436 0.00838630944358471214 0.00762130200290854487 0.00739168339553600284 0.00762130200287157444 0.00838630944362413894 0.00996218441336794297 0.01300655497552453271 0.01904578240989787674 0.03170132172816388094 0.05938029981305216476 0.11761187857774652032 0.21045566662726392093
0.11403539569542253673 0.09989683504445401319 0.07034183285100598093 0.04444649656452130670 0.02784439735307728606 0.01840279685783367813 0.01319348499705477740 0.01031423395567446916 0.00873799267166408544 0.00794825450930256375 0.00770783082380633450 0.00794825450929480953 0.00873799267163217347 0.01031423395565772561 0.01319348499705772643 0.01840279685781586599 0.02784439735304919741 0.04444649656450935793 0.07034183285100122085 0.09989683504445195927
0.06080032697285860099 0.05607833307517597066 0.04479132088570414449 0.03277351250458045151 0.02332457788507672283 0.01692067720897197022 0.01287474901787085714 0.01040861277152559279 0.00896578773953755556 0.00821275151320486480 0.00797901401012672887 0.00821275151319404359 0.00896578773951995159 0.01040861277150682655 0.01287474901790196594 0.01692067720895448074 0.02332457788510309410 0.03277351250459960286 0.04479132088567322478 0.05607833307484462460
0.03778261820907020258 0.03587727666226676188 0.03089237534694846271 0.02489772111220323048 0.01947487050606798095 0.01527233406414785222 0.01229522881462091939 0.01030946639310425204 0.00906900277171235163 0.00839356666575851937 0.00817952589365030826 0.00839356666575257447 0.00906900277174168580 0.01030946639309351064 0.01229522881460337266 0.01527233406415040573 0.01947487050604841674 0.02489772111221955769 0.03089237534696618465 0.03587727666204554994
0.02651860795926358483 0.02563424101498090746 0.02313970230407871864 0.01988652442877481691 0.01663628748070930530 0.01384767396685728826 0.01168016318048637620 0.01011836974870695613 0.00908389034102525389 0.00849821518749804654 0.00830898321149997100 0.00849821518753167068 0.00908389034099871262 0.01011836974872164577 0.01168016318049354234 0.01384767396683630504 0.01663628748072740193 0.01988652442879591115 0.02313970230403857020 0.02563424101473432692
0.02071425007164337528 0.02024590392606487321 0.01882380249191246968 0.01686119826697396462 0.01475434786474561812 0.01280318073439183461 0.01117315063887025506 0.00992386838363917660 0.00905590646864107111 0.00854842895977150734 0.00838179698214277027 0.00854842895975707097 0.00905590646864374606 0.00992386838366604226 0.01117315063886833992 0.01280318073437921624 0.01475434786474962186 0.01686119826697057844 0.01882380249189231913 0.02024590392563610508
0.01788986879808195096 0.01759323353678414470 0.01662929885842902300 0.01524844908717327800 0.01369357257331598431 0.01217780430355648071 0.01084825768860142418 0.00978570924420910614 0.00902314133391452292 0.00856742630690448224 0.00841614264935051405 0.00856742630694109358 0.00902314133390723708 0.00978570924419996067 0.01084825768859098635 0.01217780430352889860 0.01369357257333670731 0.01524844908721752733 0.01662929885840060129 0.01759323353644258459
0.01704021245884190794 0.01679099011910334394 0.01595572981479469188 0.01474249400183480496 0.01335197789604349386 0.01197060577704661330 0.01073715661295444011 0.00973630074665026227 0.00900953769336735807 0.00857178739314105355 0.00842589482655368635 0.00857178739315227721 0.00900953769339139614 0.00973630074665128749 0.01073715661296045787 0.01197060577703507739 0.01335197789603649599 0.01474249400185654452 0.01595572981480088137 0.01679099011847573486
0.01788986879868652291 0.01759323353668794387 0.01662929885841138433 0.01524844908717520181 0.01369357257332661990 0.01217780430354079360 0.01084825768857839920 0.00978570924420719100 0.00902314133392304041 0.00856742630691677276 0.00841614264932858194 0.00856742630693569686 0.00902314133390121585 0.00978570924420884072 0.01084825768859654961 0.01217780430352009141 0.01369357257332719235 0.01524844908720906361 0.01662929885838920763 0.01759323353631951636
0.02071425012296473911 0.02024590392607134026 0.01882380249191625832 0.01686119826698172230 0.01475434786474847694 0.01280318073438955866 0.01117315063888065473 0.00992386838364171450 0.00905590646865175528 0.00854842895975646035 0.00838179698211114106 0.00854842895975875712 0.00905590646863897730 0.00992386838364226614 0.01117315063886612121 0.01280318073438120423 0.01475434786474985084 0.01686119826697632385 0.01882380249192075472 0.02024590392568681452
0.02651860792798743996 0.02563424101486422649 0.02313970230409860898 0.01988652442876034585 0.01663628748074406222 0.01384767396683706311 0.01168016318052484022 0.01011836974872657759 0.00908389034101854051 0.00849821518749432209 0.00830898321147714898 0.00849821518751629063 0.00908389034100887983 0.01011836974870763788 0.01168016318049619473 0.01384767396682160326 0.01663628748072751296 0.01988652442877656898 0.02313970230408899167 0.02563424101467332364
0.03778261828291283597 0.03587727666206790011 0.03089237534691476050 0.02489772111220371620 0.01947487050606972955 0.01527233406415564113 0.01229522881462675847 0.01030946639311061501 0.00906900277173633938 0.00839356666577233124 0.00817952589364506245 0.00839356666575430919 0.00906900277175329457 0.01030946639309802786 0.01229522881462519202 0.01527233406415137024 0.01947487050606338740 0.02489772111222521983 0.03089237534690228437 0.03587727666217953304
0.06080032690316274080 0.05607833307508187926 0.04479132088571072257 0.03277351250459689669 0.02332457788506282423 0.01692067720897855523 0.01287474901785425931 0.01040861277153055757 0.00896578773954940025 0.00821275151320826138 0.00797901401012306513 0.00821275151319729099 0.00896578773953078320 0.01040861277151199950 0.01287474901788395951 0.01692067720896112126 0.02332457788508803670 0.03277351250461399412 0.04479132088567698566 0.05607833307474820173
0.11403539570368242950 0.09989683504451768448 0.07034183285107473149 0.04444649656452707293 0.02784439735304577654 0.01840279685784643182 0.01319348499709772915 0.01031423395564579765 0.00873799267159937332 0.00794825450930783731 0.00770783082381974738 0.00794825450930193578 0.00873799267162853055 0.01031423395568593221 0.01319348499704098981 0.01840279685782169466 0.02784439735308731623 0.04444649656451514497 0.07034183285099007699 0.09989683504438939821
0.26695196261521997316 0.21045566662733156127 0.11761187857774277332 0.05938029981301832377 0.03170132172818909688 0.01904578240985267679 0.01300655497557103024 0.00996218441337457655 0.00838630944358487174 0.00762130200288883147 0.00739168339559008458 0.00762130200285465048 0.00838630944360130304 0.00996218441331403470 0.01300655497563022595 0.01904578240989170806 0.03170132172819525862 0.05938029981304365074 0.11761187857776668475 0.21045566662732850816
0.92586226797479087569 0.55599990338495741682 0.19393037727628154032 0.07110224169205550671 0.03235702371169200953 0.01823890338549322143 0.01225217167923789430 0.00940746820735494094 0.00797597870038402323 0.00728975091738312542 0.00708473568840239931 0.00728975091751293824 0.00797597870042013324 0.00940746820720042565 0.01225217167937059370 0.01823890338552261459 0.03235702371167872848 0.07110224169198875455 0.19393037727628806288 0.55599990338492355502
8.99121790618149674401 1.81878589887933772573 0.24214247586349613162 0.06678575490796911929 0.02875078524981067307 0.01640243332949475885 0.01130200794639668604 0.00887128827402650089 0.00763557331207265211 0.00703773167750687545 0.00685821133192798804 0.00703773167759358387 0.00763557331219832935 0.00887128827397110076 0.01130200794644031781 0.01640243332948299049 0.02875078524976215633 0.06678575490806937243 0.24214247586322779071 1.81878589887961150673
