-47.99290461872895718898 3.58855527414279151799 0.28897969805744705418 0.08164452565611024504 0.03600206489663038134 0.02044434660499372391 0.01378853473197705348 0.01054825308629259162 0.00888163765454197396 0.00807074954283604207 0.00782672566793940483 0.00807074954320996518 0.00888163765577432152 0.01054825308600171319 0.01378853473482677394 0.02044434660509808488 0.03600206489579638180 0.08164452565594948474 0.28897969805854928360 3.58855527414017405619
8.64594414876470374054 1.89801348166484218360 0.28892238466978426015 0.08629057151086372279 0.03822196741108774276 0.02169942734899354964 0.01463169650994911031 0.01119217679090211970 0.00942267102997706996 0.00856128489508489743 0.00830196827389584335 0.00856128489511820412 0.00942267102996252603 0.01119217679088302386 0.01463169650996365423 0.02169942734898933079 0.03822196741107541929 0.08629057151085262056 0.28892238466978642508 1.89801348166481909097
0.87568886359521291851 0.54356956977152637300 0.20225884818720374358 0.07953791056608527921 0.03814239169796285189 0.02209489086935798041 0.01493531749825864618 0.01140039371345460961 0.00957357829084923284 0.00868330653746132719 0.00841525444944377088 0.00868330653746771097 0.00957357829084748424 0.01140039371345719088 0.01493531749825782740 0.02209489086936092250 0.03814239169796757034 0.07953791056607806276 0.20225884818720399339 0.54356956977153081390
0.25129883655180895730 0.20284911340840788840 0.11727039757963853006 0.06192582256619021813 0.03453557013750625099 0.02145123812008688235 0.01494051216119388070 0.01153794709820209902 0.00972672191986134749 0.00883078108705723230 0.00855932897763956452 0.00883078108706095849 0.00972672191985775314 0.01153794709820131492 0.01494051216119127168 0.02145123812008465497 0.03453557013750907512 0.06192582256619300757 0.11727039757963383937 0.20284911340840744431
0.10706125511276654017 0.09594096234967985914 0.06895835702553487767 0.04487530062476178389 0.02903731723366594769 0.01976096888248617817 0.01448586357144364747 0.01148795966935249602 0.00980879402496495981 0.00895384168687893625 0.00869140450100760326 0.00895384168687680948 0.00980879402496687494 0.01148795966935082721 0.01448586357144575343 0.01976096888248726063 0.02903731723366693648 0.04487530062476317166 0.06895835702553926305 0.09594096234966453807
0.05700108804380391025 0.05388711923478109456 0.04363590549152752962 0.03258801734318871046 0.02375380945930876189 0.01764540475779293599 0.01370374796393155833 0.01125255309667125107 0.00979404324488149583 0.00902353169246658537 0.00878285499357617586 0.00902353169246587414 0.00979404324488110031 0.01125255309667058320 0.01370374796393035964 0.01764540475778982737 0.02375380945931001783 0.03258801734319140275 0.04363590549153112397 0.05388711923477043642
0.03540947593185610892 0.03456864041087708700 0.03005736036637273595 0.02458731944348726411 0.01958168151041798574 0.01564880268364954655 0.01282177467799468576 0.01090965985042244811 0.00970098632271011729 0.00903720767665420685 0.00882591811883036252 0.00903720767665453992 0.00970098632270834788 0.01090965985042397293 0.01282177467799132560 0.01564880268364926205 0.01958168151041572366 0.02458731944348984538 0.03005736036637062653 0.03456864041085588174
0.02486475116080186926 0.02479124494616633673 0.02254076187521302649 0.01958912847869532375 0.01661675929354527320 0.01404250725843744253 0.01202164300767969048 0.01055166260309239878 0.00957013326261994812 0.00901118963485968670 0.00883004248951667001 0.00901118963485914026 0.00957013326262040782 0.01055166260309010375 0.01202164300768104530 0.01404250725843675558 0.01661675929354591852 0.01958912847869554580 0.02254076187521455304 0.02479124494617421931
0.01943962606157466355 0.01965286898166827834 0.01837392972718722428 0.01660201470371331506 0.01468958737243175605 0.01290714269835882555 0.01140798333790476494 0.01025156799589303259 0.00944368986268308980 0.00896944288311657921 0.00881339287866308822 0.00896944288312060724 0.00944368986268213223 0.01025156799589528427 0.01140798333790378830 0.01290714269835898514 0.01468958737243053481 0.01660201470371640980 0.01837392972718507322 0.01965286898166583585
0.01680265282805770699 0.01712447996856014676 0.01626005199519245381 0.01501833288988200892 0.01361475115598206713 0.01224019366835093527 0.01102858315906877183 0.01005567280023772492 0.00935455455503153739 0.00893428744791469401 0.00879454619631722147 0.00893428744791608005 0.00935455455503101697 0.01005567280024042762 0.01102858315906881520 0.01224019366834669560 0.01361475115598081813 0.01501833288988082236 0.01626005199519101052 0.01712447996855709365
0.01600981560506373885 0.01635997287555988194 0.01561188072351446000 0.01452269967028247018 0.01327023738554164271 0.01202104614442255949 0.01090080344829259633 0.00998795773683892538 0.00932264916455020388 0.00892081338743205832 0.00878669416284622376 0.00892081338743106605 0.00932264916454876580 0.00998795773684035132 0.01090080344828902280 0.01202104614442020721 0.01327023738553880818 0.01452269967029122012 0.01561188072351248936 0.01635997287555732843
0.01680265282849761552 0.01712447996855690976 0.01626005199519381036 0.01501833288988030715 0.01361475115598237765 0.01224019366835074965 0.01102858315906623567 0.01005567280023777869 0.00935455455503175944 0.00893428744791471136 0.00879454619631778699 0.00893428744791629342 0.00935455455503135871 0.01005567280023995057 0.01102858315907056554 0.01224019366834679795 0.01361475115598110783 0.01501833288988039042 0.01626005199519257524 0.01712447996854519691
0.01943962606329520046 0.01965286898165015048 0.01837392972718330728 0.01660201470371244423 0.01468958737243305016 0.01290714269836107722 0.01140798333790566874 0.01025156799589526518 0.00944368986268351480 0.00896944288311853424 0.00881339287866354792 0.00896944288311936865 0.00944368986268197610 0.01025156799589561560 0.01140798333790395483 0.01290714269836042843 0.01468958737243231116 0.01660201470371584428 0.01837392972718583303 0.01965286898165464688
0.02486475116033161348 0.02479124494616564978 0.02254076187521293628 0.01958912847869261759 0.01661675929354491585 0.01404250725843654568 0.01202164300768004263 0.01055166260309278563 0.00957013326262043558 0.00901118963485741942 0.00883004248951827810 0.00901118963485648961 0.00957013326261879974 0.01055166260309098672 0.01202164300768235501 0.01404250725843680242 0.01661675929354556117 0.01958912847869440782 0.02254076187521568408 0.02479124494615993213
0.03540947593594819670 0.03456864041087023137 0.03005736036636914160 0.02458731944348599430 0.01958168151041976904 0.01564880268364807897 0.01282177467799455392 0.01090965985042365548 0.00970098632270999239 0.00903720767665033495 0.00882591811883130621 0.00903720767665357888 0.00970098632270911809 0.01090965985042340741 0.01282177467799140540 0.01564880268364902613 0.01958168151041808983 0.02458731944348929721 0.03005736036637209757 0.03456864041085818545
0.05700108804385942834 0.05388711923478870652 0.04363590549152950721 0.03258801734319051457 0.02375380945931095111 0.01764540475779190903 0.01370374796393238059 0.01125255309667052943 0.00979404324488357056 0.00902353169246694620 0.00878285499357533278 0.00902353169246630435 0.00979404324488266156 0.01125255309666967074 0.01370374796393101537 0.01764540475778811346 0.02375380945931194338 0.03258801734319430321 0.04363590549153210235 0.05388711923477832594
0.10706125511157314756 0.09594096234966252579 0.06895835702554206637 0.04487530062476027815 0.02903731723367079104 0.01976096888248738553 0.01448586357144679773 0.01148795966935021312 0.00980879402496854721 0.00895384168687803420 0.00869140450100495260 0.00895384168687862747 0.00980879402496715944 0.01148795966934741328 0.01448586357144328318 0.01976096888248952271 0.02903731723366688791 0.04487530062476552395 0.06895835702553962387 0.09594096234967523784
0.25129883655152729371 0.20284911340840675043 0.11727039757963797495 0.06192582256618819198 0.03453557013750713223 0.02145123812008534192 0.01494051216119441500 0.01153794709819816466 0.00972672191986293649 0.00883078108705392245 0.00855932897764121597 0.00883078108705497022 0.00972672191986067441 0.01153794709820080838 0.01494051216119027248 0.02145123812008171288 0.03453557013750749305 0.06192582256619028058 0.11727039757963683697 0.20284911340841518812
0.87568886359663156149 0.54356956977153259025 0.20225884818720515912 0.07953791056608490451 0.03814239169795591300 0.02209489086935867430 0.01493531749825326160 0.01140039371345247243 0.00957357829085120349 0.00868330653746543502 0.00841525444943844181 0.00868330653746468561 0.00957357829085600520 0.01140039371345502595 0.01493531749825280364 0.02209489086936500257 0.03814239169795967388 0.07953791056608272569 0.20225884818720313296 0.54356956977153203514
8.64594414876108885437 1.89801348166483796476 0.28892238466979724976 0.08629057151083785460 0.03822196741109562534 0.02169942734900098813 0.01463169650993034754 0.01119217679091133455 0.00942267102999516659 0.00856128489510099566 0.00830196827388451908 0.00856128489511609470 0.00942267102998883832 0.01119217679092199269 0.01463169650994544657 0.02169942734899787951 0.03822196741108196960 0.08629057151084373878 0.28892238466981545741 1.89801348166483485613
