-46.09803677159207069280 2.75604593503809347510 0.20069455649737988345 0.05688841958502988128 0.02588143034639212026 0.01534944330663123857 0.01083423651411385968 0.00862629212411092361 0.00748486806888748468 0.00692708949847076205 0.00675881451484205975 0.00692708945848363733 0.00748486812736115503 0.00862629210002485713 0.01083423657463700174 0.01534944325841025581 0.02588143037633483523 0.05688841925844534408 0.20069455651555778708 2.75604593490038318748
8.99244905210221290304 1.81877961057638470876 0.24214215844125430710 0.06678570967643104872 0.02875077427079408832 0.01640242968128879930 0.01130200644975165591 0.00887128755014909842 0.00763557290164473823 0.00703773139710872631 0.00685821108659057099 0.00703773139730101693 0.00763557290168526137 0.00887128754960897492 0.01130200644953194278 0.01640242968142902047 0.02875077427043049028 0.06678570967650365731 0.24214215844139169720 1.81877961057678749768
0.92613491170900319460 0.55599940331566399809 0.19393026096703361305 0.07110221369616623321 0.03235701530798509862 0.01823890029420524583 0.01225217033702133418 0.00940746753394391955 0.00797597830907462169 0.00728975064493123104 0.00708473544887872064 0.00728975064493350700 0.00797597830910093397 0.00940746753408902570 0.01225217033713746351 0.01823890029434926952 0.03235701530797188696 0.07110221369575639438 0.19393026096722279505 0.55599940331578356911
0.26707449249262915636 0.21045558299547706405 0.11761184116058306937 0.05938028562559461571 0.03170131621521327103 0.01904578006159120956 0.01300655386159666610 0.00996218382137099151 0.00838630908542332965 0.00762130174669961580 0.00739168316838220707 0.00762130174669505001 0.00838630908544654025 0.00996218382135546227 0.01300655386162343635 0.01904578006157046227 0.03170131621520344556 0.05938028562562445295 0.11761184116061304539 0.21045558299536187841
0.11410770805696238139 0.09989681324830482212 0.07034181957552534947 0.04444648975958603865 0.02784439404035634821 0.01840279521110154901 0.01319348412897741046 0.01031423345876751954 0.00873799235443030453 0.00794825427440149640 0.00770783061278623727 0.00794825427436897380 0.00873799235450562622 0.01031423345884255674 0.01319348412904995660 0.01840279521104613153 0.02784439404035281979 0.04444648975960030501 0.07034181957538609975 0.09989681324796376161
0.06085004585748760020 0.05607832557612824065 0.04479131549851388117 0.03277350915448585394 0.02332457594484191321 0.01692067610047720549 0.01287474836772903829 0.01040861236773548554 0.00896578746531815837 0.00821275130152751207 0.00797901381706782667 0.00821275130148433827 0.00896578746528403289 0.01040861236770716097 0.01287474836772514904 0.01692067610059818164 0.02332457594480183069 0.03277350915451907043 0.04479131549846153415 0.05607832557565178844
0.03782050003498033802 0.03587727353324921681 0.03089237286693759937 0.02489771935940095215 0.01947486934978649720 0.01527233332146407316 0.01229522833366311456 0.01030946606902363033 0.00906900253718374155 0.00839356647675696711 0.00817952571864802996 0.00839356647678911154 0.00906900253713512593 0.01030946606897917284 0.01229522833364454608 0.01527233332153328169 0.01947486934970729319 0.02489771935936706260 0.03089237286697767843 0.03587727353335940644
0.02654979196166079927 0.02563423949350740819 0.02313970101761370426 0.01988652343441610001 0.01663628675671404919 0.01384767345482812786 0.01168016281857236875 0.01011836948587152563 0.00908389013898270280 0.00849821501812242711 0.00830898305239460150 0.00849821501808233938 0.00908389013901798360 0.01011836948586153188 0.01168016281856232123 0.01384767345489463369 0.01663628675672048501 0.01988652343452804519 0.02313970101766209611 0.02563423949304927466
0.02074159673589098113 0.02024590306705858350 0.01882380173151609187 0.01686119763975194724 0.01475434737249470100 0.01280318035855288090 0.01117315035350877755 0.00992386816303537748 0.00905590629046688564 0.00854842880526245075 0.00838179683525909144 0.00854842880525563849 0.00905590629043547847 0.00992386816297138007 0.01117315035356888225 0.01280318035862405314 0.01475434737244746795 0.01686119763983077308 0.01882380173137645357 0.02024590306625755759
0.01791521315603773756 0.01759323295288879596 0.01662929832570400612 0.01524844862828777375 0.01369357219437684556 0.01217780399863694143 0.01084825744541659774 0.00978570904800060877 0.00902314117003799251 0.00856742616168466690 0.00841614251028914226 0.00856742616167637319 0.00902314116998405476 0.00978570904797271789 0.01084825744546714932 0.01217780399876994962 0.01369357219441336149 0.01524844862837380910 0.01662929832568123267 0.01759323295223071126
0.01706493306182241265 0.01679098961172750815 0.01595572934640518414 0.01474249359172391700 0.01335197755101111446 0.01197060549390702340 0.01073715638323282859 0.00973630055847403246 0.00900953753418976336 0.00857178725099554117 0.00842589469000891086 0.00857178725092618346 0.00900953753418286089 0.00973630055833309138 0.01073715638319884536 0.01197060549419455729 0.01335197755095153017 0.01474249359171683239 0.01595572934639268026 0.01679098961049416139
0.01791521309063545675 0.01759323295252931962 0.01662929832559494059 0.01524844862829961845 0.01369357219429136532 0.01217780399865599217 0.01084825744544768225 0.00978570904802266404 0.00902314117007093318 0.00856742616164764270 0.00841614251029471766 0.00856742616167791883 0.00902314116994795863 0.00978570904797250452 0.01084825744549523102 0.01217780399880218425 0.01369357219433725223 0.01524844862840557536 0.01662929832567695831 0.01759323295212036897
0.02074159683138900728 0.02024590306698605818 0.01882380173147237684 0.01686119763979411490 0.01475434737246592194 0.01280318035856398313 0.01117315035353566750 0.00992386816304810515 0.00905590629043820025 0.00854842880523641255 0.00838179683526511787 0.00854842880523261350 0.00905590629043607695 0.00992386816296575436 0.01117315035354734046 0.01280318035862571500 0.01475434737248752619 0.01686119763984073039 0.01882380173133633289 0.02024590306603692852
0.02654979192455982767 0.02563423949357009762 0.02313970101766067017 0.01988652343444747422 0.01663628675672607776 0.01384767345481411477 0.01168016281854195558 0.01011836948581078949 0.00908389013904955904 0.00849821501806562532 0.00830898305238178536 0.00849821501810162083 0.00908389013901659929 0.01011836948583967957 0.01168016281848796752 0.01384767345487859791 0.01663628675676230573 0.01988652343452549515 0.02313970101764587645 0.02563423949300160792
0.03782050013332324823 0.03587727353365524618 0.03089237286694616544 0.02489771935935405564 0.01947486934975700690 0.01527233332146607156 0.01229522833368268918 0.01030946606905280491 0.00906900253715672497 0.00839356647678493085 0.00817952571859595357 0.00839356647677614968 0.00906900253712125855 0.01030946606892706868 0.01229522833373316269 0.01527233332152639136 0.01947486934973093400 0.02489771935937108369 0.03089237286697639126 0.03587727353343453385
0.06085004578161438277 0.05607832557612344587 0.04479131549852802957 0.03277350915447140023 0.02332457594484647206 0.01692067610046931944 0.01287474836775551017 0.01040861236776469481 0.00896578746534422433 0.00821275130148005350 0.00797901381703682716 0.00821275130143617194 0.00896578746531171561 0.01040861236773417409 0.01287474836775405647 0.01692067610059003191 0.02332457594480763854 0.03277350915450377017 0.04479131549848613253 0.05607832557564199766
0.11410770810206888326 0.09989681324845695043 0.07034181957547838704 0.04444648975962101067 0.02784439404035614352 0.01840279521099580026 0.01319348412894494338 0.01031423345886811963 0.00873799235448181888 0.00794825427439713877 0.00770783061279899095 0.00794825427442349963 0.00873799235444435579 0.01031423345880648143 0.01319348412907517948 0.01840279521093005771 0.02784439404028771214 0.04444648975964794746 0.07034181957547357145 0.09989681324796251261
0.26707449197824084663 0.21045558299538030811 0.11761184116050224513 0.05938028562569844931 0.03170131621521639353 0.01904578006156971287 0.01300655386165031763 0.00996218382138681219 0.00838630908532610186 0.00762130174663725596 0.00739168316836622680 0.00762130174678619932 0.00838630908539368669 0.00996218382130519692 0.01300655386158886678 0.01904578006154195730 0.03170131621524070742 0.05938028562562967100 0.11761184116068015837 0.21045558299531791357
0.92613491173882256380 0.55599940331582642372 0.19393026096718241069 0.07110221369601396613 0.03235701530777082557 0.01823890029427999160 0.01225217033728237537 0.00940746753397958546 0.00797597830893465032 0.00728975064479817081 0.00708473544885943052 0.00728975064494888358 0.00797597830902074811 0.00940746753407256664 0.01225217033698419722 0.01823890029443434035 0.03235701530783713364 0.07110221369578981210 0.19393026096716009521 0.55599940331581687580
8.99244905188184517897 1.81877961057673775969 0.24214215844156616875 0.06678570967604913200 0.02875077427014116616 0.01640242968144167701 0.01130200644979528768 0.00887128754950516907 0.00763557290180816306 0.00703773139674712667 0.00685821108679485203 0.00703773139642316359 0.00763557290171368308 0.00887128754985855306 0.01130200644984169500 0.01640242968156813141 0.02875077426928174251 0.06678570967665264924 0.24214215844184844295 1.81877961057641490683
