-23.03376087044028963646 1.39428162639921238153 0.11659937269601616805 0.04501059368165893915 0.03041232152886585993 0.02732900124826231902 0.03041232124708059814 0.04501059396789131029 0.11659937259951957955 1.39428162642505570901
4.51299852054861716510 0.92598808578483671194 0.13771503908804905159 0.05034557067095879468 0.03229730327451874050 0.02858023252963415306 0.03229730327366853171 0.05034557067119127538 0.13771503908893967250 0.92598808578589009155
0.48121436982094994983 0.29604166999399800231 0.11489295653862510727 0.05364736922336826863 0.03526834015518362508 0.03104207964450894641 0.03526834015516962240 0.05364736922316792889 0.11489295653849361523 0.29604166999384889936
0.15468443326228503709 0.12610465717872765268 0.07911086499028086028 0.04967367885104484460 0.03651215870406252645 0.03289345268425049318 0.03651215870398592800 0.04967367885131782762 0.07911086499033526120 0.12610465717854724144
0.08392352392601970523 0.07605795007924370799 0.05952059129498050299 0.04498395295922334031 0.03640398708000671529 0.03367512783758414008 0.03640398707988534710 0.04498395295927693632 0.05952059129485225836 0.07605795007895665982
0.06884326478839357388 0.06429107463525156330 0.05375710131633382183 0.04318212043005073553 0.03619932355875832286 0.03384135155603079648 0.03619932355867683943 0.04318212042985186683 0.05375710131633572308 0.06429107463478188345
0.08392352347774681420 0.07605795007926566265 0.05952059129506192398 0.04498395295916264580 0.03640398708014147555 0.03367512783743229626 0.03640398708011728657 0.04498395295925597392 0.05952059129496701378 0.07605795007878599079
0.15468443371809981191 0.12610465717884838943 0.07911086499039061970 0.04967367885098114555 0.03651215870421801318 0.03289345268425653002 0.03651215870408033859 0.04967367885111565601 0.07911086499049374554 0.12610465717842306299
0.48121436967217057212 0.29604166999407888206 0.11489295653873693448 0.05364736922311222345 0.03526834015500721065 0.03104207964427391220 0.03526834015529763111 0.05364736922310867073 0.11489295653863375313 0.29604166999402858895
4.51299852059092287959 0.92598808578489932852 0.13771503908814453077 0.05034557067120226659 0.03229730327457036587 0.02858023252919517088 0.03229730327461710626 0.05034557066983380569 0.13771503908849769271 0.92598808578519120616
