-22.96529204319254091615 1.38548183712814965141 0.11432056391924771965 0.04383706349175864325 0.02957001066778830456 0.02656869616197465866 0.02957001066745568174 0.04383706349143978720 0.11432056391764766623 1.38548183712827888137
4.49925734498790053095 0.92615098359841585562 0.13772327410436258077 0.05034676978497032440 0.03229763662548390535 0.02858043195251280810 0.03229763662550666492 0.05034676978499141864 0.13772327410437157358 0.92615098359841363518
0.47760489838566821952 0.29605464203131653944 0.11489600000677516189 0.05364813181712735357 0.03526861131387770687 0.03104225796246593005 0.03526861131388733805 0.05364813181712851931 0.11489600000678533431 0.29605464203131526268
0.15282307281168749924 0.12610686599872256153 0.07911188008010100470 0.04967409322737111055 0.03651235775717912718 0.03289360020566598625 0.03651235775717971699 0.04967409322737289384 0.07911188008010572315 0.12610686599871995250
0.08258713398089009838 0.07605860098010056025 0.05952101228509314168 0.04498419516289201003 0.03640413725828477165 0.03367525114951597232 0.03640413725828293284 0.04498419516289045572 0.05952101228509551478 0.07605860098009428749
0.06763691211276831594 0.06429146893101253535 0.05375739332582559621 0.04318231423769153254 0.03619945727476376468 0.03384146596540858754 0.03619945727476401448 0.04318231423768943700 0.05375739332582451374 0.06429146893099677018
0.08258713398036705844 0.07605860098009266379 0.05952101228508854813 0.04498419516289386966 0.03640413725828398062 0.03367525114951551435 0.03640413725828074709 0.04498419516289185738 0.05952101228509187880 0.07605860098008783432
0.15282307281121534914 0.12610686599870732372 0.07911188008010607009 0.04967409322737290078 0.03651235775718229132 0.03289360020566662463 0.03651235775718283949 0.04967409322737701555 0.07911188008009949202 0.12610686599873285885
0.47760489838311648292 0.29605464203131942602 0.11489600000677935299 0.05364813181713107282 0.03526861131388464576 0.03104225796246823377 0.03526861131387196147 0.05364813181712338452 0.11489600000677931135 0.29605464203130649192
4.49925734498833840291 0.92615098359841363518 0.13772327410436890904 0.05034676978498753286 0.03229763662551254910 0.02858043195250536961 0.03229763662549101078 0.05034676978498842104 0.13772327410438822692 0.92615098359843051057
