-48.07368131663622534688 3.59638176935465470052 0.29333662942267846319 0.08368487411311553714 0.03721923274124838699 0.02128483576303619174 0.01443027311132016877 0.01107713041691660294 0.00934573012510853118 0.00850100103934758877 0.00824643113614786927 0.00850100095080330576 0.00934573021432205664 0.01107713042806324211 0.01443027319678025222 0.02128483575847184284 0.03721923275089045191 0.08368487370887178756 0.29333662924169923159 3.59638176912394857965
8.65576844814103196768 1.89665292129243256980 0.28884943120341344258 0.08627989107032008054 0.03821934476274224668 0.02169855324448921596 0.01463133896017076996 0.01119200535108089145 0.00942257523552347820 0.00856122030421357927 0.00830191230003618497 0.00856122030445027882 0.00942257523514211659 0.01119200534978126438 0.01463133896004586987 0.02169855324472191871 0.03821934476346933174 0.08627989107081779352 0.28884943120377437609 1.89665292129273321819
0.88187306415126676118 0.54346588473167589672 0.20223372062016645168 0.07953163958244933995 0.03814046192166459237 0.02209416997391325244 0.01493500183683407756 0.01140023491342018191 0.00957348608153629765 0.00868324251725044460 0.00841519830977452421 0.00868324251697716321 0.00957348608166158632 0.01140023491337549544 0.01493500183643341195 0.02209416997424377971 0.03814046192180503558 0.07953163958231997122 0.20223372062005953720 0.54346588473178336631
0.25420869690797615048 0.20283197358714874503 0.11726254217246004363 0.06192275894056249730 0.03453434923221235242 0.02145070762406724868 0.01494025687763485960 0.01153781016520135511 0.00972663862194887013 0.00883072139752413138 0.00855927601184437031 0.00883072139735903427 0.00972663862187981426 0.01153781016481682936 0.01494025687794289792 0.02145070762402646880 0.03453434923215950580 0.06192275894063402342 0.11726254217243051170 0.20283197358686974598
0.10879894222296079831 0.09593651935310990031 0.06895560805914852098 0.04487386248254834897 0.02903660222600182653 0.01976060657179612781 0.01448566953527860926 0.01148784723899009402 0.00980872162069212905 0.00895378777962249628 0.00869135598663194758 0.00895378777947566235 0.00980872162070077144 0.01148784723888882087 0.01448566953518636707 0.01976060657174760760 0.02903660222602022153 0.04487386248260843286 0.06895560805904873969 0.09593651935265121167
0.05820143167460550132 0.05388559645655998515 0.04363479855373172261 0.03258731843741040357 0.02375339782582015086 0.01764516566239849801 0.01370360558373311111 0.01125246351041104577 0.00979398179023702707 0.00902348394549529198 0.00878281134843519884 0.00902348394541562654 0.00979398179020581766 0.01125246351038986306 0.01370360558374852065 0.01764516566251385712 0.02375339782582983408 0.03258731843741364403 0.04363479855365110655 0.05388559645548989668
0.03632610875126089656 0.03456800755250248602 0.03005685338676372664 0.02458695676439642819 0.01958143901088957306 0.01564864474435815819 0.01282167098132255129 0.01090958910817202941 0.00970093459048524710 0.00903716570742255261 0.00882587914883267190 0.00903716570731806675 0.00970093459046537585 0.01090958910804988233 0.01282167098122182110 0.01564864474446265100 0.01958143901078574292 0.02458695676441818856 0.03005685338675131990 0.03456800755244530954
0.02562023078473167972 0.02479093867554603772 0.02254049996200379116 0.01958892391345618336 0.01661660867280114265 0.01404239947795748664 0.01202156591472159849 0.01055160597033600635 0.00957008931387492642 0.00901115252824484687 0.00883000753779254570 0.00901115252815207733 0.00957008931390147637 0.01055160597036585574 0.01202156591477060617 0.01404239947814599557 0.01661660867279136228 0.01958892391350764220 0.02254049996207086251 0.02479093867512942653
0.02010258651435000571 0.01965269699690116306 0.01837377545031635556 0.01660188619671928989 0.01468948553855799720 0.01290706416722921072 0.01140792307717298885 0.01025152091557138614 0.00944365148095671104 0.00896940940101289587 0.00881336097418322466 0.00896940940091899529 0.00944365148093037274 0.01025152091545816248 0.01140792307722330277 0.01290706416729129301 0.01468948553851260989 0.01660188619676291472 0.01837377545035925180 0.01965269699657769958
0.01741728146841672181 0.01712436376631062268 0.01625994422458502259 0.01501823912202816282 0.01361467303895695126 0.01224013025309450726 0.01102853208903814032 0.01005563118596858665 0.00935451948464624886 0.00893425618612494685 0.00879451618134501588 0.00893425618604016571 0.00935451948468211253 0.01005563118588965153 0.01102853208907138630 0.01224013025323576580 0.01361467303892197923 0.01501823912208083596 0.01625994422461989747 0.01712436376634565022
0.01660938189457649566 0.01635987212932015628 0.01561178608160431781 0.01452261597399102412 0.01327016635660489309 0.01202098738559083564 0.01090075528904511232 0.00998791789556708644 0.00932261519008488471 0.00892078287153490711 0.00878666478664394228 0.00892078287140619236 0.00932261519000183655 0.00998791789547748277 0.01090075528902328256 0.01202098738582768438 0.01327016635650828287 0.01452261597406470824 0.01561178608165462479 0.01635987212860545020
0.01741728133781073051 0.01712436376634379753 0.01625994422467839928 0.01501823912202655299 0.01361467303895604226 0.01224013025303208844 0.01102853208900818338 0.01005563118590838308 0.00935451948465792875 0.00893425618614462728 0.00879451618129122384 0.00893425618602501810 0.00935451948463823270 0.01005563118595209637 0.01102853208903788532 0.01224013025316516602 0.01361467303894228938 0.01501823912215812830 0.01625994422470018741 0.01712436376634113300
0.02010258663696494821 0.01965269699709331144 0.01837377545036189899 0.01660188619664347207 0.01468948553857149855 0.01290706416717937732 0.01140792307721993047 0.01025152091557648450 0.00944365148088305989 0.00896940940099035140 0.00881336097415082176 0.00896940940089981098 0.00944365148089932466 0.01025152091549309460 0.01140792307717492828 0.01290706416724692746 0.01468948553855220496 0.01660188619680716057 0.01837377545025731598 0.01965269699692788821
0.02562023080259940438 0.02479093867545479474 0.02254049996212353218 0.01958892391350680606 0.01661660867281415654 0.01404239947795594794 0.01202156591468987908 0.01055160597038224193 0.00957008931386666567 0.00901115252820675235 0.00883000753777049563 0.00901115252816321946 0.00957008931393502765 0.01055160597038382574 0.01202156591472534550 0.01404239947814021373 0.01661660867276885944 0.01958892391358619395 0.02254049996201660383 0.02479093867511678734
0.03632610887399051469 0.03456800755279748616 0.03005685338669585385 0.02458695676429565116 0.01958143901093390565 0.01564864474436504851 0.01282167098123074278 0.01090958910820576284 0.00970093459041535856 0.00903716570736881435 0.00882587914879574657 0.00903716570729705924 0.00970093459044086420 0.01090958910815968685 0.01282167098120270098 0.01564864474446982581 0.01958143901079469062 0.02458695676439864516 0.03005685338672254084 0.03456800755240185818
0.05820143166849317540 0.05388559645647461593 0.04363479855374932659 0.03258731843743965795 0.02375339782583963874 0.01764516566237862155 0.01370360558375873991 0.01125246351040278155 0.00979398179024527395 0.00902348394552264857 0.00878281134843396025 0.00902348394544235863 0.00979398179021416168 0.01125246351038268131 0.01370360558377198106 0.01764516566249075408 0.02375339782584985279 0.03258731843744031020 0.04363479855368031235 0.05388559645540119680
0.10879894223962637001 0.09593651935299617184 0.06895560805929955295 0.04487386248259091215 0.02903660222602629307 0.01976060657179387961 0.01448566953525627296 0.01148784723896836141 0.00980872162077797705 0.00895378777964848938 0.00869135598653875824 0.00895378777945219501 0.00980872162061402139 0.01148784723897707666 0.01448566953520018935 0.01976060657174076585 0.02903660222613079975 0.04487386248264730454 0.06895560805926530257 0.09593651935276574505
0.25420869632902892699 0.20283197358710366998 0.11726254217246628864 0.06192275894045302931 0.03453434923218828834 0.02145070762403688408 0.01494025687786625783 0.01153781016515962460 0.00972663862207261143 0.00883072139759248642 0.00855927601182424058 0.00883072139736048450 0.00972663862197738899 0.01153781016501507356 0.01494025687788429202 0.02145070762399589603 0.03453434923208933971 0.06192275894060039754 0.11726254217259698964 0.20283197358664792342
0.88187306389580788490 0.54346588473155255095 0.20223372062031860774 0.07953163958217307483 0.03814046192184665507 0.02209416997385707515 0.01493500183685486649 0.01140023491346425777 0.00957348608124347633 0.00868324251668173286 0.00841519830977702221 0.00868324251667745850 0.00957348608130825784 0.01140023491335459549 0.01493500183680528115 0.02209416997418471584 0.03814046192208629671 0.07953163958229116093 0.20223372062025787854 0.54346588473158374821
8.65576844781520904348 1.89665292129187657011 0.28884943120366329827 0.08627989107045075379 0.03821934476336152908 0.02169855324467229174 0.01463133896012791535 0.01119200534986597440 0.00942257523632550331 0.00856122030464301353 0.00830191229988241908 0.00856122030462735939 0.00942257523574085987 0.01119200535009923225 0.01463133895968504739 0.02169855324483371817 0.03821934476280064441 0.08627989106963851462 0.28884943120353462342 1.89665292129334739357
