-11.97429655055443831202 0.90266419925980911909 0.08063891620300978058 0.02916641849904377803 0.01848731321384999848 0.01623065789471700437 0.01848731321359931012 0.02916641849885637239 0.08063891620214336253 0.90266419925988883310
2.16568833711525954300 0.48290291746942043405 0.08097617430750220224 0.03063712366940518628 0.01937366392757372546 0.01696945672035832242 0.01937366392758782530 0.03063712366939957965 0.08097617430749592948 0.48290291746941710338
0.22799600157342370110 0.14519928190360534281 0.05990774138496599011 0.02944673162443003922 0.01979336778080868775 0.01750071638215788816 0.01979336778080885428 0.02944673162443256498 0.05990774138496468559 0.14519928190360587017
0.07337383168989553006 0.06136728708763822260 0.03977545590632816652 0.02590049027313493998 0.01952830119765902941 0.01774663295263433430 0.01952830119765919248 0.02590049027313551591 0.03977545590632745875 0.06136728708764405127
0.03999236593682807539 0.03712419030181397794 0.02963073972694326569 0.02296468738169869447 0.01898142354897514386 0.01770469039589942298 0.01898142354897688205 0.02296468738169827120 0.02963073972693933134 0.03712419030180498514
0.03288893910783378949 0.03145473402370592420 0.02671453548573623007 0.02191998910407706377 0.01872857065221626705 0.01764522516905598845 0.01872857065221576051 0.02191998910407597784 0.02671453548573688233 0.03145473402370495275
0.03999236593654757060 0.03712419030180614393 0.02963073972694163505 0.02296468738169922877 0.01898142354897594530 0.01770469039589916624 0.01898142354897433548 0.02296468738169924959 0.02963073972694345304 0.03712419030180822560
0.07337383168962903490 0.06136728708763815321 0.03977545590633053268 0.02590049027313444732 0.01952830119765796082 0.01774663295263361265 0.01952830119765705530 0.02590049027313524529 0.03977545590633085881 0.06136728708764398188
0.22799600157214128249 0.14519928190360423259 0.05990774138496515744 0.02944673162442766612 0.01979336778080621750 0.01750071638215799918 0.01979336778080510728 0.02944673162442752734 0.05990774138496478274 0.14519928190360123499
2.16568833711551356203 0.48290291746942060058 0.08097617430749781686 0.03063712366940146703 0.01937366392757944311 0.01696945672036953567 0.01937366392759204414 0.03063712366940829490 0.08097617430750736478 0.48290291746943064810
