1.000000000000000000e+00 1.199999999999999956e+00 1.399999999999999911e+00 1.599999999999999867e+00 1.799999999999999822e+00 1.999999999999999778e+00 2.199999999999999734e+00 2.399999999999999467e+00 2.599999999999999645e+00 2.799999999999999822e+00 2.999999999999999556e+00 3.199999999999999289e+00 3.399999999999999467e+00 3.599999999999999645e+00 3.799999999999999378e+00 3.999999999999999112e+00
4.828467978792314041e-02 1.332015137755307443e-01 2.637363650888764344e-01 4.450168663473323960e-01 6.370191550888927301e-01 8.389292270543055041e-01 9.763986581834112055e-01 1.082624432102311962e+00 1.076184887534680001e+00 1.079668909971963631e+00 1.010583049251304821e+00 9.047720670164567380e-01 8.322668894743838752e-01 8.043511054959195938e-01 7.239985375147613977e-01 7.388652154043319209e-01
2.024817671472490394e-03 5.548685251613487239e-03 1.091052951559254129e-02 1.825784468424672402e-02 2.592642799741301518e-02 3.416339980628691625e-02 3.978520272522376167e-02 4.473119572034599256e-02 4.515956350550547060e-02 4.683551158948460330e-02 4.555622950595700910e-02 4.309784147828397971e-02 4.182150298031853813e-02 4.264045841698708289e-02 4.057133768870911650e-02 4.283026713470464153e-02
4.118832299442749464e-03 1.155111674554487079e-02 2.333853039131415785e-02 4.065566792837103927e-02 6.068144361518704177e-02 8.380126884759521444e-02 1.039015091511455713e-01 1.213147320865149564e-01 1.311940027073510984e-01 1.377978485518334961e-01 1.398250195369124538e-01 1.308753457730927883e-01 1.274829955839239803e-01 1.267735259535573145e-01 1.187272289282335497e-01 1.242934834484942658e-01
1.223093227352608191e-02 3.353621861977040125e-02 6.588284054553827929e-02 1.096270645553249906e-01 1.538750348882218233e-01 1.972819430157426168e-01 2.213235810902046963e-01 2.370682266405978733e-01 2.224470559785903523e-01 2.142758517175894217e-01 1.872924995587104124e-01 1.594235265855241668e-01 1.371372439150270184e-01 1.260341165347002024e-01 1.076400095074749874e-01 1.040983017749153444e-01
2.677619966111092695e-02 5.405955700755780274e-02 8.976451815723153482e-02 1.328002669819776937e-01 1.816381686525909145e-01 2.358365630538327429e-01 2.926063910699370774e-01 3.512540542462682658e-01 4.091829157066066425e-01 4.631660668133768533e-01 5.137218216445517127e-01 5.588038359142744049e-01 5.977224331655613954e-01 6.329302573412519672e-01 6.642997945056803299e-01 6.924136569863673651e-01
5.845829784168073660e-03 3.727969631192627059e-03 -2.758046449112987360e-03 -1.710476031806374558e-02 -4.316446408791066447e-02 -8.196260506326480400e-02 -1.367491867948209816e-01 -2.049505207994026801e-01 -2.887191965920390402e-01 -3.914820223426644374e-01 -5.115612340429471772e-01 -6.438709266616133853e-01 -7.886822590380062614e-01 -9.441933446270839303e-01 -1.109369380468771871e+00 -1.284228922861363476e+00
5.848244018157470157e-03 2.284517966408374651e-02 6.145917837195953581e-02 1.309293392651953714e-01 2.371402109162199789e-01 3.841598626566323227e-01 5.659076084913805538e-01 7.763628254339655088e-01 9.992730640586622304e-01 1.219450291089791527e+00 1.431174789913953083e+00 1.626653564180864819e+00 1.803108733550063958e+00 1.968613428724811376e+00 2.122563572956496003e+00 2.267902658865116106e+00
1.198636503852735027e-03 4.671554419225643420e-03 1.253357761328306383e-02 2.661944823215565623e-02 4.807297754569490877e-02 7.766380068980480167e-02 1.142052342315268837e-01 1.565612585847737104e-01 2.016107605748392873e-01 2.465624407594408651e-01 2.904653463605190167e-01 3.318483778010104523e-01 3.701502230463561971e-01 4.070257900758033065e-01 4.421964388187192285e-01 4.762247381690863923e-01
1.704807157684943685e-03 6.689411372393264804e-03 1.811127251894426027e-02 3.892574112087257565e-02 7.128520909085817037e-02 1.170761245441264281e-01 1.750721443748017581e-01 2.442141447038232438e-01 3.198294766803211342e-01 3.966573044170906281e-01 4.727597232119187809e-01 5.448013326895168040e-01 6.110896767676179397e-01 6.745413265838758887e-01 7.345191854538338783e-01 7.918096734715004414e-01
2.944800356619754148e-03 1.148421387246487298e-02 3.081432823973010576e-02 6.538414991216083549e-02 1.177820242796548261e-01 1.894199374226879229e-01 2.766302298850574770e-01 3.755874221453286976e-01 4.778328268033686932e-01 5.762305459135373953e-01 6.679497203414778150e-01 7.500038536903984587e-01 8.218688337359982832e-01 8.870463120645802890e-01 9.458479486836829375e-01 9.998682472248868747e-01
